heads with error types: ['entity', 'event_argument', 'event_trigger']

== pooled (50/corpus) | entity
  thr  preds   gold  strictP  strictR   fairP   fairR  wrong% typeOK_R
  0.1   8891   6619   0.2532   0.3401  0.3078  0.4209   68.2%   0.4271
  0.2   5089   6619   0.3806   0.2926  0.4520  0.3395   55.1%   0.3451
  0.3   3482   6619   0.4934   0.2596  0.5709  0.2892   43.9%   0.2951
  0.5   2061   6619   0.6803   0.2118  0.7425  0.2232   27.1%   0.2269
  0.7   1337   6619   0.8369   0.1691  0.8747  0.1732   13.2%   0.1753
  0.8   1085   6619   0.8995   0.1475  0.9247  0.1494    8.2%   0.1505
  0.9    838   6619   0.9547   0.1209  0.9672  0.1217    3.5%   0.1222
 0.95    643   6619   0.9829   0.0955  0.9902  0.0957    1.2%   0.0959
 0.98    445   6619   0.9955   0.0669  0.9977  0.0669    0.4%   0.0669

== pooled (50/corpus) | event_argument
  thr  preds   gold  strictP  strictR   fairP   fairR  wrong% typeOK_R
  0.1    428   2264   0.1965   0.0600  0.5406  0.0978   45.6%   0.1029
  0.2    213   2264   0.3432   0.0430  0.6586  0.0602   33.3%   0.0627
  0.3    129   2264   0.4724   0.0318  0.7381  0.0412   24.8%   0.0428
  0.5     55   2264   0.6032   0.0157  0.8333  0.0199   16.4%   0.0203
  0.7     18   2264   0.7778   0.0058  0.8611  0.0068   11.1%   0.0071
  0.8      5   2264   0.8000   0.0017  0.8889  0.0018   20.0%   0.0018
  0.9      0   2264   0.0000   0.0000  0.0000  0.0000    nan%   0.0000
 0.95      0   2264   0.0000   0.0000  0.0000  0.0000    nan%   0.0000
 0.98      0   2264   0.0000   0.0000  0.0000  0.0000    nan%   0.0000

== pooled (50/corpus) | event_trigger
  thr  preds   gold  strictP  strictR   fairP   fairR  wrong% typeOK_R
  0.1   3191   2654   0.2363   0.2841  0.2708  0.3248   72.9%   0.3255
  0.2   1566   2654   0.3921   0.2313  0.4531  0.2549   56.4%   0.2573
  0.3   1061   2654   0.4976   0.1989  0.5734  0.2158   44.8%   0.2208
  0.5    586   2654   0.7014   0.1549  0.7631  0.1608   25.9%   0.1635
  0.7    360   2654   0.8250   0.1119  0.8644  0.1134   16.1%   0.1138
  0.8    257   2654   0.8716   0.0844  0.8929  0.0849   12.1%   0.0852
  0.9    155   2654   0.9161   0.0535  0.9408  0.0539    7.1%   0.0543
 0.95    101   2654   0.9010   0.0343  0.9340  0.0347    7.9%   0.0350
 0.98     60   2654   0.9333   0.0211  0.9412  0.0211    6.7%   0.0211

== CASIE val (English events) | entity
  thr  preds   gold  strictP  strictR   fairP   fairR  wrong% typeOK_R
  0.1   2254   1926   0.1304   0.1526  0.1947  0.2264   78.6%   0.2503
  0.2    972   1926   0.2119   0.1070  0.2978  0.1386   69.5%   0.1537
  0.3    532   1926   0.2782   0.0768  0.3842  0.0960   60.7%   0.1085
  0.5    212   1926   0.4151   0.0457  0.5090  0.0516   49.1%   0.0561
  0.7     77   1926   0.6104   0.0244  0.7007  0.0268   27.3%   0.0291
  0.8     42   1926   0.6905   0.0151  0.7625  0.0158   23.8%   0.0166
  0.9     15   1926   0.8000   0.0062  0.8966  0.0068    6.7%   0.0073
 0.95      8   1926   0.7500   0.0031  0.8667  0.0034   12.5%   0.0036
 0.98      1   1926   1.0000   0.0005  1.0000  0.0005    0.0%   0.0005

== CASIE val (English events) | event_argument
  thr  preds   gold  strictP  strictR   fairP   fairR  wrong% typeOK_R
  0.1    144   1943   0.0160   0.0018  0.4514  0.0301   56.9%   0.0319
  0.2     32   1943   0.0222   0.0005  0.6129  0.0098   40.6%   0.0098
  0.3      8   1943   0.0000   0.0000  0.7500  0.0031   25.0%   0.0031
  0.5      2   1943   0.0000   0.0000  1.0000  0.0010    0.0%   0.0010
  0.7      0   1943   0.0000   0.0000  0.0000  0.0000    nan%   0.0000
  0.8      0   1943   0.0000   0.0000  0.0000  0.0000    nan%   0.0000
  0.9      0   1943   0.0000   0.0000  0.0000  0.0000    nan%   0.0000
 0.95      0   1943   0.0000   0.0000  0.0000  0.0000    nan%   0.0000
 0.98      0   1943   0.0000   0.0000  0.0000  0.0000    nan%   0.0000

== CASIE val (English events) | event_trigger
  thr  preds   gold  strictP  strictR   fairP   fairR  wrong% typeOK_R
  0.1    776    765   0.0709   0.0719  0.1379  0.1337   82.0%   0.1830
  0.2    328    765   0.1006   0.0431  0.2136  0.0814   73.5%   0.1137
  0.3    191    765   0.1361   0.0340  0.2952  0.0621   65.4%   0.0863
  0.5     58    765   0.2241   0.0170  0.5056  0.0296   46.6%   0.0405
  0.7     12    765   0.5000   0.0078  0.8000  0.0105   25.0%   0.0118
  0.8      5    765   0.4000   0.0026  0.7778  0.0046   20.0%   0.0052
  0.9      2    765   0.0000   0.0000  1.0000  0.0020    0.0%   0.0026
 0.95      1    765   0.0000   0.0000  1.0000  0.0013    0.0%   0.0013
 0.98      0    765   0.0000   0.0000  0.0000  0.0000    nan%   0.0000

== CMNEE val (Chinese events) | entity
  thr  preds   gold  strictP  strictR   fairP   fairR  wrong% typeOK_R
  0.1      0      0      nan      nan     nan     nan    nan%      nan
  0.2      0      0      nan      nan     nan     nan    nan%      nan
  0.3      0      0      nan      nan     nan     nan    nan%      nan
  0.5      0      0      nan      nan     nan     nan    nan%      nan
  0.7      0      0      nan      nan     nan     nan    nan%      nan
  0.8      0      0      nan      nan     nan     nan    nan%      nan
  0.9      0      0      nan      nan     nan     nan    nan%      nan
 0.95      0      0      nan      nan     nan     nan    nan%      nan
 0.98      0      0      nan      nan     nan     nan    nan%      nan

== CMNEE val (Chinese events) | event_argument
  thr  preds   gold  strictP  strictR   fairP   fairR  wrong% typeOK_R
  0.1    561    790   0.2726   0.2963  0.5721  0.3993   42.4%   0.4089
  0.2    321    790   0.3868   0.2095  0.6782  0.2660   32.7%   0.2734
  0.3    205    790   0.4926   0.1539  0.7405  0.1868   24.9%   0.1949
  0.5     91    790   0.6273   0.0799  0.8475  0.0954   15.4%   0.0975
  0.7     24    790   0.8462   0.0255  0.9375  0.0285    4.2%   0.0291
  0.8      9    790   0.8000   0.0093  0.9412  0.0101   11.1%   0.0101
  0.9      0    790   0.0000   0.0000  0.0000  0.0000    nan%   0.0000
 0.95      0    790   0.0000   0.0000  0.0000  0.0000    nan%   0.0000
 0.98      0    790   0.0000   0.0000  0.0000  0.0000    nan%   0.0000

== CMNEE val (Chinese events) | event_trigger
  thr  preds   gold  strictP  strictR   fairP   fairR  wrong% typeOK_R
  0.1    270    218   0.5667   0.7018  0.5757  0.7113   42.6%   0.7110
  0.2    221    218   0.6652   0.6743  0.6758  0.6820   32.6%   0.6835
  0.3    189    218   0.7302   0.6330  0.7413  0.6391   25.9%   0.6422
  0.5    156    218   0.8077   0.5780  0.8194  0.5826   17.9%   0.5872
  0.7    127    218   0.8583   0.5000  0.8730  0.5046   12.6%   0.5092
  0.8    110    218   0.8818   0.4450  0.8991  0.4495   10.0%   0.4541
  0.9     73    218   0.9452   0.3165  0.9586  0.3188    4.1%   0.3211
 0.95     45    218   0.9333   0.1927  0.9551  0.1950    4.4%   0.1972
 0.98     20    218   0.9500   0.0872  0.9500  0.0872    5.0%   0.0872
